RawFile: WideGrid.raw
Resolution: 8 8 1
Format: FLOAT32
BasisVector1: 4 0 0
BasisVector2: 0 6 0
BasisVector3: 0 0 2
Offset: -2 -3 -1
WorldVector1: 1 0 0 0
WorldVector2: 0 1 0 0
WorldVector3: 0 0 1 0
WorldVector4: 0 0 0 1
DataRange: 0.00820948 0.92526
ValueRange: 0.00820948 0.92526
Unit: arb. unit.
